21
    330.000000 330.000000
    330.000000 380.000000
    340.000000 410.000000
    340.000000 440.000000
    360.000000 420.000000
    360.000000 450.000000
    380.000000 430.000000
    430.000000 440.000000
    460.000000 430.000000
    470.000000 410.000000
    460.000000 390.000000
    430.000000 380.000000
    450.000000 330.000000
    380.000000 410.000000
    370.000000 400.000000
    380.000000 390.000000
    390.000000 400.000000
    400.000000 420.000000
    390.000000 410.000000
    400.000000 400.000000
    410.000000 410.000000
1
13   0 1 2 3 4 5 6 7 8 9 10 11 12 
